1 2
2 4
1 4
1 3
1 5
3 5
4 5
2 6
4 6
3 7
3 8
7 8
5 8
6 13
4 13
5 13
5 14
8 14
13 14
6 15
13 15
7 9
7 16
9 16
8 16
8 17
16 17
14 17
9 10
9 18
10 18
16 18
10 11
10 19
11 19
18 19
11 12
11 20
12 20
19 20
12 21
12 22
21 22
20 22
14 24
17 24
15 25
13 25
14 25
24 25
15 26
25 26
16 27
18 27
17 27
17 28
27 28
24 28
18 29
19 29
27 29
19 30
20 30
29 30
20 31
22 31
30 31
21 23
21 32
23 32
22 32
22 33
32 33
31 33
32 34
23 34
23 35
34 35
25 37
24 37
28 37
26 36
36 38
26 38
25 38
37 38
27 39
29 39
28 39
37 39
37 40
39 40
30 41
31 41
29 41
39 41
33 42
31 42
41 42
34 43
32 43
42 43
33 43
35 44
34 44
43 44
36 45
45 46
36 46
38 46
46 47
38 47
37 47
40 47
41 48
39 48
40 48
47 48
42 49
41 49
48 49
43 50
42 50
49 50
44 51
43 51
50 51
45 52
52 53
45 53
46 53
53 54
46 54
47 54
54 55
47 55
48 55
49 56
48 56
55 56
50 57
49 57
56 57
51 58
50 58
57 58
52 59
59 60
52 60
53 60
60 61
53 61
54 61
61 62
54 62
55 62
56 63
55 63
62 63
57 64
56 64
63 64
58 65
57 65
64 65
59 66
66 67
59 67
60 67
67 68
60 68
61 68
68 69
61 69
62 69
63 70
62 70
69 70
64 71
63 71
70 71
65 72
64 72
71 72
66 73
73 74
66 74
67 74
74 75
67 75
68 75
75 76
68 76
69 76
70 77
69 77
76 77
71 78
70 78
77 78
72 79
71 79
78 79
73 80
80 81
73 81
74 81
81 82
74 82
75 82
82 83
75 83
76 83
77 84
76 84
83 84
78 85
77 85
84 85
79 86
78 86
85 86
80 87
87 88
80 88
81 88
88 89
81 89
82 89
89 90
82 90
83 90
84 91
83 91
90 91
85 92
84 92
91 92
86 93
85 93
92 93
87 94
94 95
87 95
88 95
95 96
88 96
89 96
96 97
89 97
90 97
91 98
90 98
97 98
92 99
91 99
98 99
93 100
92 100
99 100
94 101
101 102
94 102
95 102
102 103
95 103
96 103
103 104
96 104
97 104
98 105
97 105
104 105
99 106
98 106
105 106
100 107
99 107
106 107
101 108
108 109
101 109
102 109
109 110
102 110
103 110
110 111
103 111
104 111
105 112
104 112
111 112
106 113
105 113
112 113
107 114
106 114
113 114
108 115
115 116
108 116
109 116
116 117
109 117
110 117
117 118
110 118
111 118
112 119
111 119
118 119
113 120
112 120
119 120
114 121
113 121
120 121
115 122
122 123
115 123
116 123
123 124
116 124
117 124
124 125
117 125
118 125
119 126
118 126
125 126
120 127
119 127
126 127
121 128
120 128
127 128
122 129
129 130
122 130
123 130
130 131
123 131
124 131
131 132
124 132
125 132
126 133
125 133
132 133
127 134
126 134
133 134
128 135
127 135
134 135
129 136
136 137
129 137
130 137
137 138
130 138
131 138
138 139
131 139
132 139
133 140
132 140
139 140
134 141
133 141
140 141
135 142
134 142
141 142
136 143
143 144
136 144
137 144
144 145
137 145
138 145
145 146
138 146
139 146
140 147
139 147
146 147
141 148
140 148
147 148
142 149
141 149
148 149
143 150
150 151
143 151
144 151
151 152
144 152
145 152
152 153
145 153
146 153
147 154
146 154
153 154
148 155
147 155
154 155
149 156
148 156
155 156
150 157
157 158
150 158
151 158
158 159
151 159
152 159
159 160
152 160
153 160
154 161
153 161
160 161
155 162
154 162
161 162
156 163
155 163
162 163
157 164
164 165
157 165
158 165
165 166
158 166
159 166
166 167
159 167
160 167
161 168
160 168
167 168
162 169
161 169
168 169
163 170
162 170
169 170
164 171
171 172
164 172
165 172
172 173
165 173
166 173
173 174
166 174
167 174
168 175
167 175
174 175
169 176
168 176
175 176
170 177
169 177
176 177
171 181
181 184
171 184
172 184
184 185
172 185
173 185
185 186
173 186
174 186
175 187
174 187
186 187
176 188
175 188
187 188
177 189
176 189
188 189
178 183
178 191
183 191
178 179
179 192
178 192
191 192
179 180
180 193
179 193
192 193
180 190
190 194
180 194
193 194
181 182
182 195
181 195
184 195
182 183
183 196
182 196
195 196
191 196
195 197
184 197
185 197
197 198
185 198
198 199
185 199
186 199
187 200
186 200
199 200
188 201
187 201
200 201
189 202
188 202
201 202
190 203
203 205
190 205
194 205
192 206
191 206
191 207
196 207
206 207
193 208
192 208
206 208
194 209
193 209
208 209
205 210
194 210
209 210
196 211
195 211
197 211
207 211
211 212
197 212
198 212
212 213
198 213
199 213
200 214
199 214
213 214
201 215
200 215
214 215
202 216
201 216
215 216
203 204
204 219
203 219
205 219
204 217
217 220
204 220
219 220
219 223
205 223
210 223
207 224
211 224
208 225
206 225
206 226
207 226
224 226
225 226
209 227
208 227
225 227
210 228
209 228
223 228
227 228
211 229
212 229
224 229
229 230
212 230
213 230
214 231
213 231
230 231
215 232
214 232
231 232
216 233
215 233
232 233
217 218
218 238
217 238
220 238
218 221
221 239
218 239
238 239
220 240
219 240
223 240
238 241
220 241
240 241
221 222
222 242
221 242
239 242
222 234
234 243
222 243
242 243
240 244
223 244
228 244
226 245
224 245
225 245
227 245
229 245
228 246
227 246
245 246
244 246
229 247
230 247
245 247
247 248
230 248
248 249
230 249
231 249
231 250
249 250
232 251
231 251
250 251
233 252
232 252
251 252
234 235
235 255
234 255
243 255
235 236
236 256
235 256
255 256
236 237
237 257
236 257
256 257
237 253
253 258
237 258
257 258
239 259
238 259
241 259
242 260
239 260
259 260
241 261
240 261
259 261
244 261
243 262
242 262
260 262
255 263
243 263
262 263
261 264
244 264
246 264
248 265
247 265
246 265
264 265
245 265
249 266
248 266
265 266
250 267
249 267
266 267
251 268
250 268
267 268
252 269
251 269
268 269
253 254
254 272
253 272
258 272
254 270
270 273
254 273
272 273
256 274
255 274
263 274
257 275
256 275
274 275
258 276
257 276
275 276
272 277
258 277
276 277
260 278
259 278
262 278
261 278
261 279
264 279
278 279
263 280
262 280
274 280
278 280
279 281
264 281
265 281
266 282
265 282
281 282
267 283
266 283
282 283
268 284
267 284
283 284
269 285
268 285
284 285
270 271
271 288
270 288
273 288
271 286
286 289
271 289
288 289
273 290
272 290
277 290
288 291
273 291
290 291
275 292
274 292
276 292
280 292
277 293
276 293
290 293
292 293
280 294
278 294
279 294
281 294
292 295
280 295
294 295
294 296
281 296
282 297
281 297
296 297
283 298
282 298
297 298
284 299
283 299
298 299
285 300
284 300
299 300
286 287
287 303
286 303
289 303
287 301
301 304
287 304
303 304
289 305
288 305
291 305
303 306
289 306
305 306
291 307
290 307
305 307
293 307
293 308
292 308
295 308
307 309
293 309
308 309
308 310
295 310
294 310
296 310
297 311
296 311
310 311
298 312
297 312
311 312
299 313
298 313
312 313
300 314
299 314
313 314
301 302
302 316
301 316
304 316
302 315
315 317
302 317
316 317
304 318
303 318
306 318
316 319
304 319
318 319
306 320
305 320
318 320
307 320
320 321
307 321
309 321
310 322
308 322
309 322
321 322
311 323
310 323
322 323
312 324
311 324
323 324
313 325
312 325
324 325
314 326
313 326
325 326
315 327
317 327
315 328
327 328
317 329
316 329
319 329
327 330
317 330
329 330
319 331
318 331
329 331
320 331
331 332
320 332
321 332
332 333
321 333
322 333
323 334
322 334
333 334
324 335
323 335
334 335
325 336
324 336
335 336
326 337
325 337
336 337
327 338
330 338
328 339
327 339
338 339
328 340
339 340
330 341
329 341
338 341
331 341
341 342
331 342
332 342
333 343
332 343
342 343
334 344
333 344
343 344
335 345
334 345
344 345
336 346
335 346
345 346
337 347
336 347
346 347
338 349
341 349
339 350
338 350
349 350
340 348
348 351
340 351
339 351
350 351
349 352
341 352
342 352
349 353
352 353
352 354
342 354
343 354
344 355
343 355
354 355
345 356
344 356
355 356
346 357
345 357
356 357
347 358
346 358
357 358
348 359
359 360
348 360
351 360
350 361
349 361
353 361
360 362
351 362
350 362
361 362
361 363
353 363
363 364
353 364
354 364
352 364
355 365
354 365
364 365
356 366
355 366
365 366
357 367
356 367
366 367
358 368
357 368
367 368
359 369
369 370
359 370
360 370
370 371
360 371
362 371
371 372
362 372
361 372
363 372
372 373
363 373
364 373
365 374
364 374
373 374
366 375
365 375
374 375
367 376
366 376
375 376
368 377
367 377
376 377
369 378
378 379
369 379
370 379
379 380
370 380
371 380
380 381
371 381
372 381
373 381
374 382
373 382
381 382
375 383
374 383
382 383
376 384
375 384
383 384
377 385
376 385
384 385
378 386
386 387
378 387
379 387
387 388
379 388
380 388
388 389
380 389
381 389
382 389
383 390
382 390
389 390
384 391
383 391
390 391
385 392
384 392
391 392
386 393
393 394
386 394
387 394
394 395
387 395
388 395
395 396
388 396
389 396
396 397
389 397
390 397
391 398
390 398
397 398
392 399
391 399
398 399
393 400
400 401
393 401
394 401
401 402
394 402
395 402
402 403
395 403
396 403
397 404
396 404
403 404
398 405
397 405
404 405
399 406
398 406
405 406
400 407
407 408
400 408
401 408
408 409
401 409
402 409
409 410
402 410
403 410
404 411
403 411
410 411
405 412
404 412
411 412
406 413
405 413
412 413
407 414
414 415
407 415
408 415
415 416
408 416
409 416
416 417
409 417
410 417
411 418
410 418
417 418
412 419
411 419
418 419
413 420
412 420
419 420
414 421
421 422
414 422
415 422
422 423
415 423
416 423
423 424
416 424
417 424
418 425
417 425
424 425
419 426
418 426
425 426
420 427
419 427
426 427
421 428
428 429
421 429
422 429
429 430
422 430
423 430
430 431
423 431
424 431
425 432
424 432
431 432
426 433
425 433
432 433
427 434
426 434
433 434
428 435
435 436
428 436
429 436
436 437
429 437
430 437
437 438
430 438
431 438
432 439
431 439
438 439
433 440
432 440
439 440
434 441
433 441
440 441
435 442
442 443
435 443
436 443
443 444
436 444
437 444
444 445
437 445
438 445
439 446
438 446
445 446
440 447
439 447
446 447
441 448
440 448
447 448
442 449
449 450
442 450
443 450
450 451
443 451
444 451
451 452
444 452
445 452
446 453
445 453
452 453
447 454
446 454
453 454
448 455
447 455
454 455
449 456
456 457
449 457
450 457
457 458
450 458
451 458
458 459
451 459
452 459
453 460
452 460
459 460
454 461
453 461
460 461
455 462
454 462
461 462
456 463
463 464
456 464
457 464
464 465
457 465
458 465
465 466
458 466
459 466
460 467
459 467
466 467
461 468
460 468
467 468
462 469
461 469
468 469
463 470
470 471
463 471
464 471
471 472
464 472
465 472
472 473
465 473
466 473
467 474
466 474
473 474
468 475
467 475
474 475
469 476
468 476
475 476
470 477
477 478
470 478
471 478
478 479
471 479
472 479
479 480
472 480
473 480
474 481
473 481
480 481
475 482
474 482
481 482
476 483
475 483
482 483
477 484
484 485
477 485
478 485
485 486
478 486
479 486
486 487
479 487
480 487
481 488
480 488
487 488
482 489
481 489
488 489
483 490
482 490
489 490
484 492
492 493
484 493
485 493
493 494
485 494
486 494
494 495
486 495
487 495
488 496
487 496
495 496
489 497
488 497
496 497
490 498
489 498
497 498
491 499
499 500
491 500
491 501
500 501
499 502
500 502
492 503
503 504
492 504
493 504
504 505
493 505
494 505
505 506
494 506
495 506
496 507
495 507
506 507
497 508
496 508
507 508
498 509
497 509
508 509
499 510
502 510
501 511
501 515
511 515
500 515
502 515
510 516
502 516
516 517
502 517
515 517
503 514
514 518
503 518
504 518
518 519
504 519
505 519
519 520
505 520
506 520
507 521
506 521
520 521
508 522
507 522
521 522
509 523
508 523
522 523
510 525
516 525
524 525
516 524
511 512
511 526
512 526
515 526
512 513
512 527
513 527
526 527
513 514
513 528
514 528
518 528
527 528
515 529
526 529
517 529
524 530
516 530
517 530
529 530
524 531
530 531
528 532
518 532
519 532
532 533
519 533
520 533
521 534
520 534
533 534
522 535
521 535
534 535
523 536
522 536
535 536
524 537
531 537
525 538
524 538
537 538
526 539
527 539
529 539
527 540
528 540
532 540
539 540
529 541
539 541
531 541
530 541
537 542
531 542
541 542
540 543
532 543
533 543
534 544
533 544
543 544
535 545
534 545
544 545
536 546
535 546
545 546
537 547
542 547
538 548
537 548
547 548
547 549
542 549
539 550
540 550
543 550
541 550
549 551
542 551
541 551
550 551
549 552
551 552
544 553
543 553
550 553
545 554
544 554
553 554
546 555
545 555
554 555
547 556
549 556
548 557
547 557
556 557
556 558
549 558
552 558
552 559
551 559
553 559
550 559
559 560
552 560
558 560
554 561
553 561
559 561
555 562
554 562
561 562
556 563
558 563
557 564
556 564
563 564
563 565
558 565
560 565
561 566
559 566
560 566
565 566
562 567
561 567
566 567
563 568
565 568
564 569
563 569
568 569
566 570
565 570
568 570
567 571
566 571
570 571
568 572
570 572
569 573
568 573
572 573
571 574
570 574
572 574
573 575
572 575
574 575
