1 2 3
4 5 6
5 3 7
8 9 2
10 11 12
11 6 13
14 15 9
7 15 16
13 17 18
17 16 19
20 21 14
22 23 24
23 12 25
25 26 27
26 18 28
29 30 31
30 24 32
33 34 35
34 31 36
37 38 39
38 35 40
41 42 43
42 39 44
28 45 46
21 47 48
48 49 19
50 45 49
51 52 47
32 53 54
53 27 55
55 56 57
56 46 58
36 59 60
59 54 61
40 62 63
62 60 64
44 65 66
65 63 67
68 69 70
69 43 71
71 72 73
72 66 74
70 75 76
77 76 78
79 80 50
80 81 58
82 83 84
52 84 85
85 86 79
61 87 88
87 57 89
89 81 90
91 92 90
67 93 94
64 95 93
88 96 95
97 74 98
99 98 94
100 75 101
102 103 97
73 103 101
104 78 105
106 105 100
107 108 109
83 109 110
110 111 112
86 112 113
113 114 91
115 96 116
92 117 116
117 114 118
119 99 120
121 120 115
122 102 123
124 123 119
125 106 126
127 126 122
128 129 130
108 130 131
131 132 133
111 133 134
134 135 136
136 137 118
138 121 139
140 139 137
141 124 142
143 142 138
144 127 145
146 145 141
147 148 149
129 149 150
150 151 152
132 152 153
153 154 155
156 135 155
157 140 158
159 158 156
160 143 161
162 161 157
163 146 164
165 164 160
166 167 168
148 168 169
169 170 171
151 171 172
172 173 174
175 154 174
176 159 177
178 177 175
179 162 180
181 180 176
182 165 183
184 183 179
185 186 187
167 187 188
188 189 190
170 190 191
191 192 193
194 173 193
195 178 196
197 196 194
198 181 199
200 199 195
201 184 202
203 202 198
204 205 206
186 206 207
207 208 209
189 209 210
210 211 212
213 192 212
214 197 215
216 215 213
217 200 218
219 218 214
220 203 221
222 221 217
223 224 225
205 225 226
226 227 228
208 228 229
229 230 231
232 211 231
233 216 234
235 234 232
236 219 237
238 237 233
239 222 240
241 240 236
242 243 244
224 244 245
245 246 247
227 247 248
248 249 250
251 230 250
252 235 253
254 253 251
255 238 256
257 256 252
258 241 259
260 259 255
261 262 263
243 263 264
264 265 266
246 266 267
267 268 269
270 249 269
271 254 272
273 272 270
274 257 275
276 275 271
277 260 278
279 278 274
280 281 282
262 282 283
283 284 285
265 285 286
286 287 288
289 268 288
290 273 291
292 291 289
293 276 294
295 294 290
296 279 297
298 297 293
299 300 301
281 301 302
302 303 304
284 304 305
305 306 307
308 287 307
309 292 310
311 310 308
312 295 313
314 313 309
315 298 316
317 316 312
318 319 320
300 320 321
321 322 323
303 323 324
324 325 326
327 306 326
328 311 329
330 329 327
331 314 332
333 332 328
334 317 335
336 335 331
337 338 339
319 339 340
340 341 342
322 342 343
343 344 345
346 325 345
347 330 348
349 348 346
350 333 351
352 351 347
353 336 354
355 354 350
356 357 358
338 358 359
359 360 361
341 361 362
362 363 364
365 344 364
366 349 367
368 367 365
369 352 370
371 370 366
372 355 373
374 373 369
375 376 377
357 377 378
378 379 380
360 380 381
381 382 383
384 363 383
385 368 386
387 386 384
388 371 389
390 389 385
391 374 392
393 392 388
394 395 396
376 396 397
397 398 399
379 399 400
400 401 402
403 382 402
404 387 405
406 405 403
407 390 408
409 408 404
410 393 411
412 411 407
413 414 415
395 415 416
416 417 418
398 418 419
419 420 421
422 401 421
423 406 424
425 424 422
426 409 427
428 427 423
429 412 430
431 430 426
432 433 434
414 434 435
435 436 437
417 437 438
438 439 440
441 420 440
442 425 443
444 443 441
445 428 446
447 446 442
448 431 449
450 449 445
451 452 453
433 453 454
454 455 456
436 456 457
457 458 459
460 439 459
461 444 462
463 462 460
464 447 465
466 465 461
467 450 468
469 468 464
470 471 472
452 472 473
473 474 475
455 475 476
476 477 478
479 458 478
480 463 481
482 481 479
483 466 484
485 484 480
486 469 487
488 487 483
489 490 491
492 493 494
490 494 495
496 497 498
493 498 499
500 501 502
497 502 503
504 505 506
471 506 507
508 509 510
505 510 511
509 491 512
507 513 514
474 514 515
515 516 517
517 518 519
520 477 519
521 482 522
523 522 520
524 485 525
526 525 521
527 488 528
529 528 524
530 531 532
501 532 533
495 534 535
512 536 537
536 535 538
499 539 540
534 540 541
503 542 543
539 543 544
533 545 546
542 546 547
511 548 549
513 549 550
548 537 551
550 552 553
553 554 516
554 555 556
557 518 556
558 523 559
560 559 557
561 526 562
563 562 558
564 529 565
566 565 561
567 568 569
531 569 570
571 572 573
568 573 574
570 575 576
545 576 577
551 578 579
541 580 581
538 582 583
578 583 584
582 581 585
544 586 587
580 587 588
547 589 590
577 591 589
586 590 592
552 593 594
579 595 593
594 596 597
598 555 597
599 560 600
600 598 601
602 563 603
604 603 599
605 566 606
607 606 602
608 609 610
572 610 611
612 613 614
609 614 615
574 616 617
575 617 618
611 619 620
616 620 621
622 623 624
613 624 625
626 627 628
623 628 629
618 630 631
631 632 591
584 633 634
585 635 633
588 636 635
595 634 637
592 638 639
639 640 636
638 632 641
596 642 643
642 637 644
643 645 646
647 648 646
648 649 601
650 649 651
652 604 653
654 653 650
655 607 656
657 656 652
658 659 660
627 660 661
662 663 664
659 664 665
666 667 668
663 668 669
670 671 672
667 672 673
615 674 675
619 675 676
625 677 678
674 678 679
621 680 681
676 682 680
630 681 683
629 684 685
677 685 686
661 687 688
684 688 689
683 690 691
691 692 641
693 645 694
695 692 696
640 695 697
694 644 697
698 647 699
700 699 693
701 651 702
703 702 698
704 654 705
706 705 701
707 657 708
709 708 704
710 711 712
671 712 713
714 715 716
711 716 717
665 718 719
687 719 720
669 721 722
718 722 723
673 724 725
721 725 726
713 727 728
724 728 729
679 730 731
686 732 730
731 733 682
690 734 735
733 736 734
689 737 738
720 739 737
738 740 732
735 741 742
742 743 696
744 700 745
746 745 743
747 703 748
749 748 744
750 706 751
752 751 747
753 709 754
755 754 750
756 757 758
715 758 759
760 761 762
757 762 763
717 764 765
727 765 766
759 767 768
764 768 769
723 770 771
726 772 770
771 773 739
729 774 775
766 776 774
775 777 772
740 778 779
779 780 736
741 780 781
773 782 783
778 783 784
785 786 781
787 746 788
789 788 786
790 749 791
792 791 787
793 752 794
795 794 790
796 755 797
798 797 793
799 800 801
761 801 802
803 804 805
800 805 806
763 807 808
767 808 809
802 810 811
807 811 812
769 813 814
809 815 813
814 816 776
777 817 818
818 819 782
816 820 821
817 821 822
823 824 819
784 824 825
826 785 825
827 789 828
829 828 826
830 792 831
832 831 827
833 795 834
835 834 830
836 798 837
838 837 833
839 840 841
804 841 842
843 844 845
840 845 846
806 847 848
810 848 849
842 850 851
847 851 852
812 853 854
849 855 853
854 856 815
856 857 858
820 858 859
860 823 861
861 822 862
859 863 862
864 829 865
866 865 860
867 832 868
869 868 864
870 835 871
872 871 867
873 838 874
875 874 870
844 876 877
878 879 876
846 880 881
850 881 882
877 883 884
880 884 885
852 886 887
882 888 886
887 889 855
889 890 891
857 891 892
893 894 892
895 863 894
896 866 897
898 897 895
899 869 900
901 900 896
902 872 903
904 903 899
905 875 906
907 906 902
883 908 909
910 911 879
911 912 908
913 914 910
885 915 916
909 917 915
916 918 888
918 919 920
890 920 921
922 893 923
923 921 924
925 898 926
927 926 922
928 901 929
930 929 925
931 904 932
933 932 928
934 907 935
936 935 931
937 938 917
912 939 940
940 941 937
942 943 944
914 944 945
945 946 939
938 947 948
919 948 949
950 951 947
949 952 953
954 924 953
955 927 956
957 956 954
958 930 959
960 959 955
961 933 962
963 962 958
964 936 965
966 965 961
967 968 969
943 969 970
941 971 972
972 973 950
970 974 975
946 975 976
976 977 971
973 978 979
979 980 981
982 952 983
983 951 981
984 957 985
986 985 982
987 960 988
989 988 984
990 963 991
992 991 987
993 966 994
995 994 990
996 997 998
968 998 999
999 1000 1001
974 1001 1002
1002 1003 1004
977 1004 1005
1005 1006 978
1007 1008 1006
1009 980 1008
1010 986 1011
1011 1009 1012
1013 989 1014
1015 1014 1010
1016 992 1017
1018 1017 1013
1019 995 1020
1021 1020 1016
1022 1023 1024
997 1024 1025
1025 1026 1027
1000 1027 1028
1028 1029 1030
1003 1030 1031
1031 1032 1007
1033 1012 1034
1032 1035 1034
1036 1015 1037
1038 1037 1033
1039 1018 1040
1041 1040 1036
1042 1021 1043
1044 1043 1039
1045 1046 1047
1023 1047 1048
1048 1049 1050
1026 1050 1051
1051 1052 1053
1029 1053 1054
1054 1055 1035
1056 1038 1057
1057 1055 1058
1059 1041 1060
1061 1060 1056
1062 1044 1063
1064 1063 1059
1065 1066 1067
1046 1067 1068
1068 1069 1070
1049 1070 1071
1071 1072 1073
1052 1073 1074
1074 1075 1076
1076 1077 1058
1078 1061 1079
1080 1079 1077
1081 1064 1082
1083 1082 1078
1084 1085 1086
1066 1086 1087
1087 1088 1089
1069 1089 1090
1090 1091 1092
1072 1092 1093
1094 1075 1095
1093 1096 1095
1097 1080 1098
1099 1098 1094
1100 1083 1101
1102 1101 1097
1103 1104 1105
1085 1105 1106
1106 1107 1108
1088 1108 1109
1109 1110 1111
1091 1111 1112
1113 1096 1114
1112 1115 1114
1116 1099 1117
1118 1117 1113
1119 1102 1120
1121 1120 1116
1122 1123 1124
1104 1124 1125
1125 1126 1127
1107 1127 1128
1128 1129 1130
1110 1130 1131
1132 1115 1133
1131 1134 1133
1135 1118 1136
1137 1136 1132
1138 1121 1139
1140 1139 1135
1141 1142 1143
1123 1143 1144
1144 1145 1146
1126 1146 1147
1147 1148 1149
1129 1149 1150
1151 1134 1152
1150 1153 1152
1154 1137 1155
1156 1155 1151
1157 1140 1158
1159 1158 1154
1160 1161 1162
1142 1162 1163
1163 1164 1165
1145 1165 1166
1166 1167 1168
1148 1168 1169
1170 1153 1171
1169 1172 1171
1173 1156 1174
1175 1174 1170
1176 1159 1177
1178 1177 1173
1179 1180 1181
1161 1181 1182
1182 1183 1184
1164 1184 1185
1185 1186 1187
1167 1187 1188
1189 1172 1190
1188 1191 1190
1192 1175 1193
1194 1193 1189
1195 1178 1196
1197 1196 1192
1198 1199 1200
1180 1200 1201
1201 1202 1203
1183 1203 1204
1204 1205 1206
1186 1206 1207
1208 1191 1209
1207 1210 1209
1211 1194 1212
1213 1212 1208
1214 1197 1215
1216 1215 1211
1217 1218 1219
1199 1219 1220
1220 1221 1222
1202 1222 1223
1223 1224 1225
1205 1225 1226
1227 1210 1228
1226 1229 1228
1230 1213 1231
1232 1231 1227
1233 1216 1234
1235 1234 1230
1236 1237 1238
1218 1238 1239
1239 1240 1241
1221 1241 1242
1242 1243 1244
1224 1244 1245
1246 1229 1247
1245 1248 1247
1249 1232 1250
1251 1250 1246
1252 1235 1253
1254 1253 1249
1255 1256 1257
1237 1257 1258
1258 1259 1260
1240 1260 1261
1261 1262 1263
1243 1263 1264
1265 1248 1266
1264 1267 1266
1268 1251 1269
1270 1269 1265
1271 1254 1272
1273 1272 1268
1274 1275 1276
1256 1276 1277
1277 1278 1279
1259 1279 1280
1280 1281 1282
1262 1282 1283
1284 1267 1285
1283 1286 1285
1287 1270 1288
1289 1288 1284
1290 1273 1291
1292 1291 1287
1293 1294 1295
1275 1295 1296
1296 1297 1298
1278 1298 1299
1299 1300 1301
1281 1301 1302
1303 1286 1304
1302 1305 1304
1306 1289 1307
1308 1307 1303
1309 1292 1310
1311 1310 1306
1312 1313 1314
1294 1314 1315
1315 1316 1317
1297 1317 1318
1318 1319 1320
1300 1320 1321
1322 1305 1323
1321 1324 1323
1325 1308 1326
1327 1326 1322
1328 1311 1329
1330 1329 1325
1331 1332 1333
1313 1333 1334
1334 1335 1336
1316 1336 1337
1337 1338 1339
1319 1339 1340
1341 1324 1342
1340 1343 1342
1344 1327 1345
1346 1345 1341
1347 1330 1348
1349 1348 1344
1350 1351 1352
1353 1352 1354
1355 1356 1351
1357 1358 1359
1332 1359 1360
1360 1361 1362
1335 1362 1363
1363 1364 1365
1338 1365 1366
1367 1343 1368
1366 1369 1368
1370 1346 1371
1372 1371 1367
1373 1349 1374
1375 1374 1370
1376 1377 1355
1378 1379 1380
1379 1354 1381
1381 1356 1382
1377 1383 1384
1384 1385 1386
1386 1387 1382
1388 1389 1390
1358 1390 1391
1391 1392 1393
1361 1393 1394
1394 1395 1396
1364 1396 1397
1398 1369 1399
1397 1400 1399
1401 1372 1402
1403 1402 1398
1404 1375 1405
1406 1405 1401
1407 1408 1383
1408 1409 1410
1411 1412 1413
1412 1380 1414
1415 1416 1417
1416 1413 1418
1419 1420 1421
1389 1421 1422
1420 1417 1423
1414 1424 1425
1424 1387 1426
1410 1427 1428
1385 1428 1429
1426 1429 1430
1427 1431 1432
1422 1433 1434
1392 1434 1435
1435 1436 1437
1395 1437 1438
1439 1400 1440
1438 1441 1440
1442 1403 1443
1444 1443 1439
1445 1406 1446
1447 1446 1442
1448 1449 1431
1450 1451 1409
1451 1452 1448
1418 1453 1454
1453 1425 1455
1423 1456 1457
1433 1457 1458
1456 1454 1459
1455 1460 1461
1432 1462 1463
1460 1430 1463
1449 1464 1465
1465 1466 1462
1458 1467 1468
1436 1468 1469
1470 1441 1471
1469 1472 1471
1473 1444 1474
1475 1474 1470
1476 1447 1477
1478 1477 1473
1479 1480 1464
1481 1482 1452
1482 1483 1479
1480 1484 1485
1459 1486 1487
1467 1487 1488
1486 1461 1489
1485 1490 1491
1491 1492 1466
1489 1492 1493
1490 1494 1495
1496 1472 1497
1497 1488 1498
1499 1475 1500
1501 1500 1496
1502 1478 1503
1504 1503 1499
1505 1506 1484
1507 1508 1483
1508 1509 1505
1506 1510 1511
1511 1512 1494
1495 1513 1514
1515 1498 1516
1493 1514 1516
1517 1513 1518
1512 1519 1518
1520 1501 1521
1522 1521 1515
1523 1504 1524
1525 1524 1520
1526 1527 1510
1528 1529 1509
1529 1530 1526
1527 1531 1532
1532 1533 1519
1534 1522 1535
1535 1517 1536
1536 1533 1537
1538 1525 1539
1540 1539 1534
1541 1542 1531
1543 1544 1530
1544 1545 1541
1546 1537 1547
1542 1548 1547
1549 1540 1550
1551 1550 1546
1552 1553 1548
1554 1555 1545
1555 1556 1552
1557 1551 1558
1558 1553 1559
1560 1561 1556
1562 1559 1561
